-0.014374358
nan
-0.012637355
nan
-0.010812403
-0.009853366
nan
nan
-0.006548286
nan
-0.003751324
-0.002057864
-0.000094259
0.002206153
nan
nan
0.011933259
0.016432082
nan
0.027900408
nan
nan
0.052836413
nan
nan
nan
nan
0.119554390
nan
nan
nan
0.189276290
nan
0.224329870
nan
nan
0.268196050
0.278843960
nan
0.292476130
0.295119990
nan
0.291698860
nan
0.276916990
0.265667400
0.252365730
nan
nan
nan
nan
0.169132120
nan
0.134812720
nan
0.103749640
nan
0.077566183
0.066488692
0.056786325
nan
0.041356533
0.035450843
0.030563746
0.026503058
0.023035374
nan
nan
nan
0.007175844
-0.001825801
nan
-0.032324290
-0.054580566
nan
-0.108879940
-0.132147440
nan
-0.142812100
-0.118007250
-0.064454915
0.022472551
0.145585860
0.303431320
nan
0.685781560
nan
nan
1.136293500
1.163887500
nan
nan
0.815614860
nan
nan
0.200404820
nan
nan
nan
-0.249721630
-0.269910590
nan
-0.232914090
nan
nan
nan
-0.069188851
-0.040812834
-0.019693044
-0.005061867
nan
nan
0.014485705
0.017770773
nan
0.023284489
0.026155665
nan
0.032829151
nan
nan
nan
0.050889297
nan
0.063005381
0.069973961
0.077599182
0.085915456
nan
0.104695400
nan
0.126520630
nan
0.151471480
0.165090760
nan
0.194453870
nan
nan
0.242954580
0.259996330
nan
0.294775650
0.312300320
nan
nan
0.363792560
0.379993890
nan
0.409971770
nan
nan
nan
nan
nan
nan
0.475690350
nan
nan
0.479276490
0.476614510
nan
nan
nan
0.447977680
nan
nan
0.411189840
0.396696950
0.381304640
nan
nan
nan
nan
nan
0.277368580
0.259340780
0.241463790
nan
0.206694310
nan
nan
0.159003790
0.144710950
nan
nan
0.106801900
nan
0.085757717
0.076497085
nan
nan
nan
nan
0.042016967
nan
0.033077217
nan
nan
0.023651358
